"","rgn_id","year","employed"
"1",1,2004,11754.5346
"2",1,2005,12210.8229
"3",1,2006,13479.8774
"4",1,2007,14990.9008
"5",1,2008,16233.7112
"6",1,2009,16562.3292
"7",1,2010,16780.1678
"8",1,2011,16824.8405
"9",1,2012,17189.5014
"10",1,2013,17307.3328
"11",1,2014,18671.2407
"12",2,2008,10660.0284
"13",2,2009,10407.732
"14",2,2010,11234.5681
"15",2,2011,11665.692
"16",2,2012,11899.1972
"17",2,2013,12275.6928
"18",2,2014,11899.3788
"19",3,2001,2811.8172
"20",3,2002,2953.7991
"21",3,2003,2996.4806
"22",3,2004,3123.8784
"23",3,2005,3238.0442
"24",3,2006,3266.0608
"25",3,2007,3323.04
"26",3,2008,3208.9608
"27",3,2009,3010.1925
"28",3,2010,3080.8652
"29",3,2011,3266.175
"30",3,2012,3294.0825
"31",3,2013,3238.262
"32",3,2014,3109.7358
"33",3,2015,3109.6576
"34",4,2010,1459463.0318727
"35",4,2011,1465306.5696646
"36",4,2012,1645022.8938555
"37",4,2013,1471115.2085058
"38",4,2014,1454767.3576065
"39",5,2008,1547
"40",5,2009,1455
"41",5,2010,1411
"42",5,2011,1539
"43",5,2012,1633
"44",5,2013,1594
"45",5,2014,1629
"46",6,2008,238295.6499
"47",6,2009,235573.3506
"48",6,2010,236744.0852
"49",6,2011,239680.9648
"50",6,2012,240091.2975
"51",6,2013,242244.6558
"52",6,2014,243711.6928
"53",7,NA,NA
"54",8,2008,36591.58656
"55",8,2009,35384.93376
"56",8,2010,34295.47472
"57",8,2011,34294.4172
"58",8,2012,33869.2248
"59",8,2013,33723.12432
"60",8,2014,33426.1896
"61",9,2008,9147.89664
"62",9,2009,8846.23344
"63",9,2010,8573.86868
"64",9,2011,8573.6043
"65",9,2012,8467.3062
"66",9,2013,8430.78108
"67",9,2014,8356.5474
